[Fashion_wallpapers_237.jpg]
rotate=rotate(1)
moddate=007451b449fdce01
width=1200
height=1920
text=1;150;20;CASA DANNA NOVEDADES;Berlin Sans FB;0.183508,0.915624,0.031587,4.520965;v1,4291293895,4278199381,128.000000,1.000000,0.500000,1.000000,700,2,49160;;
textactive=1
